0	0.0
3353	88.23529815673828
5506	52.77777862548828
6695	55.319149017333984
6976	85.36585235595703
8792	66.66667175292969
9273	84.61538696289062
9765	55.55555725097656
9824	63.6363639831543
9855	66.66667175292969
9857	80.95238494873047
9858	100.0
9860	81.81818389892578
9870	83.33332824707031
10730	80.95238494873047
10758	50.0
10807	0.0
10809	50.0
10811	100.0
12356	88.8888931274414
12441	72.41378784179688
13059	53.84615707397461
13589	78.84615325927734
13592	66.66667175292969
18711	58.82353210449219
20000	68.63468933105469
21337	90.90909576416016
21891	85.71428680419922
22208	100.0
22212	56.52173614501953
22354	78.60465240478516
23619	84.25196838378906
24240	94.59458923339844
25142	77.77777862548828
25418	100.0
27141	50.0
27611	75.0
28150	71.42857360839844
29155	83.87096405029297
29765	94.44444274902344
31796	67.24137878417969
36885	85.5999984741211
38579	75.0
39116	88.8888931274414
40601	80.0
44205	90.78947448730469
45987	83.67346954345703
47521	70.95436096191406
48612	92.0
50032	66.66667175292969
52423	25.0
54215	100.0
54487	100.0
54944	71.42857360839844
56927	60.000003814697266
56937	60.000003814697266
57156	76.47058868408203
57800	71.875
59776	50.0
60029	85.71428680419922
60356	60.000003814697266
66288	56.4676628112793
67774	100.0
67946	100.0
68902	83.33332824707031
69369	84.33734893798828
70481	83.33332824707031
72811	64.2276382446289
76073	68.51851654052734
77681	71.42857360839844
77691	69.58763122558594
82637	62.5
91588	87.5
93505	81.32530212402344
95453	100.0
115936	28.571430206298828
118905	94.11764526367188
130552	50.0
160572	100.0
163941	63.76811981201172
164418	83.78378295898438
169430	74.28571319580078
169938	100.0
176006	73.86363983154297
177129	84.61538696289062
179244	70.37036895751953
179245	66.66667175292969
180914	50.0
182049	75.75757598876953
182613	66.0
189965	81.81818389892578
195515	100.0
196806	87.80487823486328
197146	80.0
197727	86.36363983154297
197972	52.173912048339844
200265	83.89830780029297
205894	71.20000457763672
210097	83.47825622558594
213086	81.81818389892578
217498	88.23529815673828
218259	60.000003814697266
220676	83.125
225224	77.04917907714844
225834	57.894737243652344
225979	65.71428680419922
228883	100.0
232990	89.09090423583984
238846	80.0
250345	86.36363983154297
250983	84.61538696289062
257588	82.57575988769531
276450	66.66667175292969
295285	84.21052551269531
311240	82.60869598388672
315982	57.142860412597656
321328	100.0
322593	85.86387634277344
332225	92.68292999267578
336946	61.764705657958984
336960	68.27586364746094
349347	61.81818389892578
369880	81.25
369940	94.73684692382812
377474	57.894737243652344
395975	69.23077392578125
400067	85.0
414419	40.83601379394531
442735	92.5
447826	80.8080825805664
453660	96.36363220214844
466361	87.5
472070	66.66667175292969
475259	33.333335876464844
496022	93.75
497810	65.9259262084961
508017	87.82051086425781
519272	88.8888931274414
526970	82.5242691040039
530983	68.42105102539062
531552	72.7272720336914
533114	100.0
533152	100.0
536865	70.8108139038086
543078	50.0
554720	63.88888931274414
561769	75.0
568234	88.63636016845703
570493	75.4385986328125
579605	70.0
583255	66.66667175292969
585148	83.87096405029297
586994	79.03225708007812
594693	86.9565200805664
619142	88.57142639160156
625012	86.17886352539062
627048	90.0
629814	87.5
639101	100.0
646087	100.0
650956	91.42857360839844
658029	63.076927185058594
667325	72.41378784179688
693353	70.5882339477539
697078	62.5
705900	80.0
705919	93.33333587646484
708802	91.8552017211914
713627	100.0
716245	74.4186019897461
716643	87.5
721979	85.71428680419922
728238	76.13636016845703
732932	88.8888931274414
732999	78.57142639160156
735970	100.0
737519	100.0
743211	85.71428680419922
749247	80.6451644897461
750438	73.62637329101562
753446	78.46154022216797
754845	76.47058868408203
766700	81.96720886230469
771309	100.0
777903	82.35294342041016
789843	50.0
798957	79.6875
799701	100.0
801680	69.56521606445312
801722	57.142860412597656
815639	80.07117462158203
820073	91.30435180664062
826555	100.0
826706	71.42857360839844
831744	90.32257843017578
839265	68.75
848152	64.51612854003906
849408	75.75757598876953
851927	100.0
879929	76.74418640136719
890705	81.25
891661	77.89473724365234
891953	46.153846740722656
894539	77.5
915272	83.33332824707031
916123	76.15658569335938
932853	47.05882263183594
950046	100.0
951476	66.66667175292969
951480	100.0
957224	78.94737243652344
962610	78.78787994384766
965554	100.0
971393	81.81818389892578
973695	92.10526275634766
973840	85.71428680419922
979759	50.0
986399	100.0
989163	73.68421173095703
990668	89.58332824707031
994138	86.45832824707031
994317	100.0
1030500	78.57142639160156
1038465	74.0740737915039
1042420	71.15384674072266
1044307	100.0
1051482	72.41378784179688
1059604	61.5384635925293
1066742	71.875
1066767	70.5882339477539
1067184	64.15093994140625
1071144	100.0
1071235	41.44736862182617
1090413	85.71428680419922
1092093	77.77777862548828
1094599	57.894737243652344
1102623	85.10638427734375
1106555	50.0
1109224	77.14286041259766
1110423	33.333335876464844
1112067	71.31782531738281
1112193	67.5
1113272	82.92682647705078
1115394	71.50837707519531
1128894	86.0
1131634	79.16667175292969
1136972	75.0
1141522	38.818565368652344
1141888	72.22222137451172
1147871	41.592918395996094
1161210	74.0740737915039
1166808	75.86206817626953
1167221	79.38143920898438
1171578	87.03704071044922
1173306	69.56521606445312
1174776	83.33332824707031
1175376	69.38775634765625
1178106	42.035396575927734
1178162	40.465118408203125
1178371	80.0
1179399	82.60869598388672
1183032	94.73684692382812
1185034	87.5
1187188	94.11764526367188
1197857	63.4920654296875
1200502	70.5882339477539
1203014	76.66666412353516
1214214	100.0
1220971	79.06977081298828
1222327	100.0
1223050	89.74359130859375
1234740	88.8888931274414
1240598	73.68421173095703
1248870	94.11764526367188
1252289	92.30769348144531
1262443	100.0
1264217	91.66667175292969
1275498	60.000003814697266
1277618	80.0
1301500	69.23077392578125
1303261	94.73684692382812
1321422	76.28865814208984
1322461	92.0
1327725	82.57575988769531
1329627	0.0
1332786	75.70093536376953
1340290	77.77777862548828
1340649	87.5
1341072	82.92682647705078
1342370	69.23077392578125
1352776	100.0
1358531	100.0
1365335	66.66667175292969
1372816	83.33332824707031
1373520	78.57142639160156
1374434	73.91304016113281
1374466	88.0
1391215	73.87387084960938
1391492	81.69013977050781
1401625	75.0
1403408	83.33332824707031
1421610	100.0
1425973	75.0
1426711	84.61538696289062
1426754	72.60273742675781
1428355	93.54838562011719
1436513	100.0
1445064	87.67123413085938
1454258	85.88957214355469
1458081	77.77777862548828
1471308	58.33333206176758
1471373	52.77777862548828
1472481	75.75757598876953
1472520	73.16017150878906
1489289	97.43589782714844
1494726	55.55555725097656
1497879	71.5625
1498719	90.90909576416016
1510876	73.91304016113281
1525494	17.5
1529321	24.77064323425293
1529393	71.42857360839844
1541166	75.0
1544702	73.87387084960938
1545185	48.3870964050293
1550047	60.000003814697266
1551205	92.5
1551467	100.0
1584362	67.39130401611328
1587540	80.76922607421875
1589392	100.0
1591827	82.05128479003906
1596470	88.8888931274414
1602491	61.5384635925293
1612842	87.5
1615033	76.69491577148438
1628130	100.0
1631942	88.8888931274414
1638584	100.0
1644031	88.57142639160156
1648950	76.543212890625
1658983	78.26087188720703
1668313	82.35294342041016
1692573	76.08695983886719
1695275	72.90836334228516
1701741	37.5
1704090	70.14925384521484
1717816	100.0
1721016	100.0
1724900	73.07691955566406
1731639	33.333335876464844
1732804	81.35592651367188
1745339	85.18518829345703
1755376	50.0
1757417	89.47368621826172
1758953	86.25
1775935	100.0
1776190	100.0
1803138	75.80644989013672
1810172	85.0
1810397	88.46153259277344
1811776	80.92485809326172
1815326	77.60000610351562
1819994	0.0
1821633	83.60655975341797
1827762	75.86206817626953
1835533	71.05262756347656
1839549	20.33898162841797
1840255	73.33333587646484
1850260	78.84615325927734
1861070	94.11764526367188
1863443	80.0
1864705	90.0
1867754	0.0
1867881	75.0
1868124	87.5
1868513	100.0
1873046	68.96551513671875
1881180	95.34883117675781
1881298	71.35417175292969
1884045	75.1445083618164
1885386	74.7899169921875
1885825	71.13401794433594
1886037	0.0
1887507	71.42857360839844
1887581	76.5625
1899770	71.42857360839844
1902160	85.0
1912940	87.30158996582031
1929406	100.0
1936861	87.41259002685547
1937433	70.0
1944976	80.0
1948096	100.0
1949996	86.9565200805664
1956275	68.9189224243164
1961034	100.0
1964878	50.0
1966195	60.869564056396484
2000797	47.45762634277344
2014651	37.5
2014882	71.15384674072266
2016500	100.0
2021274	76.59574890136719
2021483	100.0
2021489	75.0
2022303	83.33332824707031
2043261	46.66666793823242
2043529	78.94737243652344
2043541	64.86486053466797
2061478	33.333335876464844
2077794	84.61538696289062
2108738	85.29411315917969
2114274	60.000003814697266
2126053	75.67567443847656
2135075	66.30435180664062
2167993	80.35713958740234
2174476	87.69230651855469
2174711	88.11881256103516
2183058	76.71232604980469
2183117	94.73684692382812
2186358	77.77777862548828
2187766	81.81818389892578
2189086	66.66667175292969
2215762	93.75
2216767	86.2745132446289
2219399	77.55101776123047
2227959	75.0
2243499	100.0
2246959	72.7272720336914
2247190	78.57142639160156
2277821	87.95181274414062
2278704	53.08641815185547
2292495	77.77777862548828
2294730	77.77777862548828
2295530	86.88524627685547
2301709	73.80952453613281
2308630	96.875
2326445	75.0
2360109	97.6744155883789
2365632	63.6363639831543
2372987	82.05128479003906
2374089	60.000003814697266
2376518	100.0
2378421	92.06349182128906
2384107	94.73684692382812
2384581	35.71428680419922
2395326	85.9259262084961
2410846	66.66667175292969
2412715	100.0
2423613	61.5384635925293
2429961	76.47058868408203
2441095	55.4054069519043
2473997	67.74193572998047
2481019	71.42857360839844
2495047	62.5
2515870	69.76744079589844
2526773	100.0
2529318	72.41378784179688
2538536	76.47058868408203
2547075	60.000003814697266
2547129	77.77777862548828
2549840	76.92308044433594
2555771	62.5
2564544	88.33333587646484
2573685	100.0
2583074	87.09677124023438
2592416	100.0
2621242	83.33332824707031
2633478	58.33333206176758
2634361	61.224491119384766
2634499	53.658538818359375
2636365	66.66667175292969
2649521	75.0
2657905	79.59183502197266
2658094	79.4117660522461
2660908	53.333335876464844
2663667	56.25
2672058	60.000003814697266
2682662	85.71428680419922
2683284	76.52173614501953
2684840	100.0
2694019	76.47058868408203
2698996	88.54962158203125
2701124	70.96774291992188
2706986	87.5
2722165	90.0
2723274	100.0
2729015	100.0
2747654	58.208953857421875
2754149	84.0
2754975	83.33332824707031
2764624	73.39449310302734
2769450	66.66667175292969
2776143	62.80992126464844
2776391	70.5882339477539
2778656	30.000001907348633
2794782	52.499996185302734
2798787	62.76595687866211
2810123	75.0
2811937	60.46511459350586
2821825	100.0
2821921	100.0
2823378	77.41934967041016
2831504	100.0
2842124	87.8787841796875
2843445	85.07463073730469
2843596	82.27848052978516
2846739	75.0
2848239	87.8787841796875
2848330	66.66667175292969
2848362	73.33333587646484
2848370	77.77777862548828
2848393	87.5
2862120	80.48780822753906
2875267	89.86486053466797
2880944	50.0
2881388	81.05262756347656
2884903	83.33332824707031
2886933	41.30434799194336
2892825	71.42857360839844
2898226	77.69230651855469
2915595	44.680850982666016
2915643	100.0
2916208	76.92308044433594
2930663	16.176471710205078
2931165	51.42857360839844
2931271	55.55555725097656
2931870	60.41666793823242
2933661	71.42857360839844
2943804	100.0
2947662	80.95238494873047
2950175	83.33332824707031
2963419	85.0
2998554	89.47368621826172
3006311	85.71428680419922
3012529	79.21348571777344
3021446	86.91588592529297
3021862	83.33332824707031
3032367	90.243896484375
3050565	78.26087188720703
3052935	84.61538696289062
3057116	84.9056625366211
3060038	79.16667175292969
3068453	68.9189224243164
3069104	70.5882339477539
3075044	69.44444274902344
3079305	82.75862121582031
3094942	100.0
3129309	87.13450622558594
3131519	37.5
3164650	71.42857360839844
3166256	87.25489807128906
3181719	84.09090423583984
3182473	66.66667175292969
3182652	60.000003814697266
3193484	100.0
3198169	77.77777862548828
3229255	90.5660400390625
3236496	100.0
3250739	31.25
3250847	75.0
3276286	74.35897827148438
3278624	66.66667175292969
3289921	88.8888931274414
3294152	67.532470703125
3294775	56.45161437988281
3302294	70.67668914794922
3303497	75.0
3303860	50.0
3309941	72.22222137451172
3311675	0.0
3342094	100.0
3342206	100.0
3343428	71.42857360839844
3344322	53.125
3344639	82.22222137451172
3351728	77.77777862548828
3359170	0.0
3363097	95.23809814453125
3371091	84.61538696289062
3377100	86.66666412353516
3377871	52.6315803527832
3389896	50.0
3392423	76.92308044433594
3394437	64.28571319580078
3410087	67.5
3412990	78.33333587646484
3415033	70.83332824707031
3415245	50.0
3415434	37.5
3419711	72.34042358398438
3420221	71.42857360839844
3420384	100.0
3432321	90.243896484375
3434614	88.0
3457722	73.91304016113281
3458030	85.71428680419922
3519768	91.66667175292969
3520353	81.81818389892578
3521944	100.0
3522237	100.0
3528826	89.32038879394531
3539510	58.33333206176758
3575220	87.5
3585343	74.46807861328125
3589267	68.75
3589869	25.0
3591359	80.76922607421875
3591388	76.66666412353516
3593290	100.0
3601030	84.41558837890625
3601254	52.27272415161133
3601424	47.31182861328125
3602379	66.66667175292969
3606396	25.0
3609536	100.0
3615760	72.36841583251953
3616081	77.95275115966797
3628320	100.0
3629014	75.0
3641545	80.0
3653207	82.75862121582031
3656168	100.0
3659917	78.57142639160156
3664031	83.33332824707031
3668038	86.66666412353516
3673104	55.55555725097656
3673688	83.33332824707031
3677662	21.052631378173828
3678429	62.5
3693850	78.26087188720703
3701108	55.55555725097656
3703674	100.0
3704801	50.0
3721095	74.48979949951172
3727560	89.010986328125
3730447	79.31034851074219
3740274	94.44444274902344
3749523	84.82142639160156
3755609	90.47618865966797
3765014	33.333335876464844
3765289	0.0
3775876	90.0
3783090	91.66667175292969
3788075	73.91304016113281
3792147	85.41667175292969
3802530	55.55555725097656
3808557	100.0
3820516	100.0
3839678	90.0
3842286	86.36363983154297
3866526	36.0
3867014	85.71428680419922
3870046	90.90909576416016
3873776	71.42857360839844
3881993	50.0
3888360	58.33333206176758
3890373	83.13253021240234
3897963	28.915660858154297
3897995	26.249998092651367
3898015	20.512821197509766
3901439	27.272727966308594
3903273	100.0
3903324	66.66667175292969
3905508	85.71428680419922
3914363	60.000003814697266
3917027	54.38596725463867
3931204	77.77777862548828
3945704	76.84210205078125
3946215	70.29703521728516
3953472	100.0
3957602	85.71428680419922
3967611	100.0
3968797	82.75862121582031
3969526	83.78378295898438
3974503	100.0
3977877	33.333335876464844
3985462	85.95040893554688
3987926	81.65680694580078
3988018	73.410400390625
3992208	63.043479919433594
3997572	100.0
4000384	77.58621215820312
4015972	82.97872924804688
4020650	53.731346130371094
4021522	100.0
4025194	73.33333587646484
4032126	100.0
4032756	72.22222137451172
4034018	86.66666412353516
4040151	80.0
4044840	80.0
4053612	80.0
4054079	86.88524627685547
4065322	82.60869598388672
4065578	85.29411315917969
4069422	76.92308044433594
4075898	82.92682647705078
4080000	58.666664123535156
4080849	66.66667175292969
4085362	90.0
4089940	87.09677124023438
4090224	73.29545593261719
4098410	80.0
4105704	85.57691955566406
4106372	71.42857360839844
4107959	89.55223846435547
4109165	100.0
4112178	100.0
4118162	80.0
4119345	80.0
4132983	64.70588684082031
4143561	86.66666412353516
4149974	77.14286041259766
4151979	71.59090423583984
4160585	97.05882263183594
4173285	75.0
4177233	79.62963104248047
4178790	70.27027130126953
4180178	100.0
4181163	66.66667175292969
4181530	88.8888931274414
4190704	61.7283935546875
4196643	61.11111068725586
4205641	67.39130401611328
4216208	72.5
4223387	79.06977081298828
4233242	80.0
4255538	100.0
4261781	80.0
4261784	100.0
4262255	87.71929931640625
4263736	84.70588684082031
4275846	59.25925827026367
4278067	80.0
4278873	81.57894897460938
4279959	95.83332824707031
4283698	78.18182373046875
4287348	85.71428680419922
4287366	57.142860412597656
4287989	100.0
4291607	100.0
4293597	72.63157653808594
4294557	100.0
4294835	69.76744079589844
4303606	86.0465087890625
4304969	85.07463073730469
4314054	68.6868667602539
4315439	0.0
4331214	79.4117660522461
4332035	100.0
4339392	100.0
4340110	85.13513946533203
4350898	100.0
4350995	75.0
4351970	100.0
4358181	75.0
4359160	51.14942932128906
4364925	78.84615325927734
4364989	70.96774291992188
4377247	93.93939208984375
4402209	20.0
4402259	81.81818389892578
4405982	72.22222137451172
4409653	0.0
4409819	100.0
4410142	94.44444274902344
4410765	100.0
4430821	100.0
4431210	40.0
4432035	84.0
4435883	100.0
4445906	66.66667175292969
4446413	42.85714340209961
4447430	72.22222137451172
4452800	100.0
4456987	75.0
4457943	79.54545593261719
4460532	87.17948913574219
4461111	100.0
4461613	66.66667175292969
4461846	75.0
4461901	100.0
4467841	0.0
4475740	100.0
4479140	100.0
4484747	40.0
4484798	62.5
4489490	81.25
4489588	93.75
4489752	86.36363983154297
4489920	100.0
4490826	66.66667175292969
4493030	0.0
4494419	50.0
4503393	33.333335876464844
4510513	80.95238494873047
4516065	33.333335876464844
4518100	42.85714340209961
4518380	69.23077392578125
4518710	81.57894897460938
4518756	73.68421173095703
4526315	82.14286041259766
4526384	57.142860412597656
4527029	28.571430206298828
4530670	83.33332824707031
4532603	69.23077392578125
4546333	86.66666412353516
4547353	75.0
4549374	88.1355972290039
4553903	83.57142639160156
4555637	87.5
4558443	40.90909194946289
4559774	85.0
4560053	73.91304016113281
4565470	100.0
4567815	70.0
4568116	85.88957214355469
4573238	75.55555725097656
4573388	76.59574890136719
4573458	74.0740737915039
4574921	75.64102172851562
4577188	78.125
4580825	78.4313735961914
4583526	88.0
4585452	100.0
4586590	72.54901885986328
4586681	95.23809814453125
4588530	100.0
4593974	100.0
4598026	63.15789031982422
4603588	100.0
4603803	84.61538696289062
4609785	71.92982482910156
4610745	72.22222137451172
4614037	81.25
4628907	100.0
4632511	78.26087188720703
4635390	46.153846740722656
4638356	80.95238494873047
4644069	100.0
4644455	100.0
4652263	100.0
4653267	100.0
4662379	70.0
4670285	68.75
4679319	25.0
4687499	83.33332824707031
4695542	62.02531433105469
4698367	75.0
4698487	50.0
4699742	83.33332824707031
4699828	76.66666412353516
4710583	50.0
4718577	100.0
4736217	0.0
4737304	73.33333587646484
4742275	83.33332824707031
4750791	75.0
4759640	100.0
4765070	69.78417205810547
4767023	77.77777862548828
4777111	92.85713958740234
4787213	100.0
4787233	75.0
4787359	88.8888931274414
4792901	100.0
4793787	71.81817626953125
4812786	100.0
4820071	44.252872467041016
4823089	71.42857360839844
4828640	83.33332824707031
4838985	100.0
4860853	61.904762268066406
4861476	57.142860412597656
4863101	84.21052551269531
4863108	75.0
4868653	81.81818389892578
4870883	75.0
4875342	81.81818389892578
4879579	83.33332824707031
4879702	90.0
4900659	76.66666412353516
4909590	86.40776824951172
4916260	91.66667175292969
4922204	81.70731353759766
4924009	63.4615364074707
4924910	81.98197937011719
4928894	80.0
4934600	73.4375
4947526	79.62963104248047
4948724	81.81818389892578
4964365	100.0
4967219	67.13286590576172
4972820	100.0
4975581	80.85106658935547
4977034	91.17646789550781
4978467	100.0
4995033	96.96969604492188
4996375	83.63636016845703
5004278	89.28571319580078
5019306	86.84210968017578
5025015	62.626258850097656
5026613	75.86206817626953
5048406	73.91304016113281
5049582	62.5
5054601	65.78947448730469
5058148	50.0
5064995	53.84615707397461
5067019	100.0
5074924	61.81818389892578
5075267	66.66667175292969
5076880	90.0
5078127	79.16667175292969
5085125	65.28926086425781
5086521	96.875
5088560	94.73684692382812
5124772	66.66667175292969
5125723	65.51724243164062
5146447	55.55555725097656
5146451	78.125
5146580	65.51724243164062
5153080	75.51020050048828
5163162	70.5882339477539
5166870	75.0
5174821	82.0
5182313	83.82353210449219
5191658	70.83332824707031
5212321	100.0
5215982	60.000003814697266
5267396	64.38356018066406
5269216	76.74418640136719
5280183	100.0
5280827	100.0
5293067	65.21739196777344
5295491	73.07691955566406
5308475	91.66667175292969
5317935	66.66667175292969
5344465	83.33332824707031
5352623	75.0
5364137	55.1020393371582
5371051	62.5
5371687	88.46153259277344
5380160	88.8888931274414
5384923	86.9565200805664
5405928	50.0
5412487	100.0
5433246	75.0
5434353	85.71428680419922
5445126	60.000003814697266
5447285	100.0
5453775	85.71428680419922
5454513	92.30769348144531
5455004	95.45454406738281
5455293	81.25
5478135	94.11764526367188
5481243	73.33333587646484
5495547	100.0
5498472	0.0
5511911	100.0
5511924	84.61538696289062
5521378	100.0
5526487	50.0
5526514	64.0
5532549	100.0
5581575	75.0
5582163	54.000003814697266
5584915	100.0
5588537	83.33332824707031
5590505	100.0
5592866	100.0
5593888	78.33333587646484
5593939	79.4117660522461
5601743	55.55555725097656
5606682	69.23077392578125
5616179	69.69696807861328
5620496	90.0
5639731	38.46154022216797
5640375	75.0
5649821	92.85713958740234
5652147	66.66667175292969
5659780	66.66667175292969
5659866	100.0
5660081	100.0
5661246	77.77777862548828
5676025	78.94737243652344
5684598	78.94737243652344
5690424	81.81818389892578
5690640	100.0
5702292	61.5384635925293
5706985	87.71929931640625
5709298	84.41558837890625
5714786	58.33333206176758
5717528	85.71428680419922
5717690	66.66667175292969
5718801	100.0
5718921	80.0
5719606	100.0
5725804	100.0
5726250	55.55555725097656
5727231	66.66667175292969
5729845	72.34042358398438
5734770	86.20689392089844
5743939	86.20689392089844
5755910	100.0
5762866	40.0
5768195	100.0
5768819	100.0
5769127	50.0
5782221	91.22806549072266
5783197	80.0
5784404	85.71428680419922
5791960	60.869564056396484
5801643	74.19355010986328
5813992	100.0
5832127	75.0
5834413	100.0
5834930	75.0
5844314	58.695648193359375
5851489	66.66667175292969
5856633	100.0
5858133	100.0
5862806	76.66666412353516
5870309	80.0
5870922	86.9565200805664
5874408	82.92682647705078
5882411	76.52173614501953
5885130	88.8888931274414
5889190	83.75
5891012	75.0
5899031	77.77777862548828
5903001	50.0
5904732	88.8888931274414
5904992	40.0
5918944	40.0
5919529	73.33333587646484
5927267	62.5
5932267	100.0
5940069	94.73684692382812
5940866	71.7741928100586
5952474	93.33333587646484
5953696	89.28571319580078
5959251	100.0
5959740	100.0
5967421	80.43478393554688
5970118	75.0
5976821	91.52542114257812
5990808	76.92308044433594
5990896	61.11111068725586
5991427	52.173912048339844
5992501	90.0
5999291	73.33333587646484
6000531	50.0
6005290	100.0
6006121	83.80952453613281
6006328	20.0
6009031	50.0
6014302	53.333335876464844
6014737	25.0
6015021	100.0
6015995	75.0
6017574	100.0
6019555	48.3870964050293
6027467	66.66667175292969
6038520	95.45454406738281
6053700	100.0
6059968	80.0
6065674	66.66667175292969
6066455	85.71428680419922
6072693	100.0
6075481	77.5
6075932	90.0
6080461	61.5384635925293
6088708	75.64102172851562
6089196	77.77777862548828
6089865	79.16667175292969
6089975	75.0
6104388	100.0
6106955	87.5
6118583	80.0
6119918	76.47058868408203
6121709	88.8888931274414
6131224	80.0
6134013	66.66667175292969
6134145	86.66666412353516
6134867	80.0
6142396	74.78260803222656
6151079	79.31034851074219
6160803	83.67346954345703
6167184	83.33332824707031
6179374	0.0
6181230	50.0
6181758	77.90697479248047
6197950	87.5
6213822	72.7272720336914
6214710	80.0
6227976	100.0
6238463	88.0
6240901	65.93406677246094
6248526	100.0
6248970	76.47058868408203
6261296	81.03448486328125
6268082	85.71428680419922
6268805	95.23809814453125
6276572	86.66666412353516
6277566	0.0
6287797	100.0
6291807	100.0
6292261	84.61538696289062
6296656	78.94737243652344
6300089	68.18181610107422
6310903	82.05128479003906
6314998	73.80952453613281
6316145	81.0810775756836
6317304	89.28571319580078
6317446	76.59574890136719
6317722	71.73912811279297
6322283	66.66667175292969
6323935	82.92682647705078
6324649	79.62963104248047
6326257	77.41934967041016
6337106	67.93478393554688
6343532	71.42857360839844
6347026	89.0
6348631	62.5
6355733	75.0
6356533	78.57142639160156
6364042	64.70588684082031
6373729	0.0
6377998	89.47368621826172
6378076	60.869564056396484
6390634	63.414634704589844
6400348	100.0
6400432	71.42857360839844
6401859	77.77777862548828
6409811	75.75757598876953
6410674	84.74576568603516
6425318	62.5
6425405	66.66667175292969
6426364	80.0
6432655	67.64705657958984
6436334	90.32257843017578
6444138	100.0
6444148	83.33332824707031
6444303	90.47618865966797
6445917	83.33332824707031
6446940	50.0
6452246	93.75
6453686	82.75862121582031
6465075	85.0
6476613	100.0
6489209	71.42857360839844
6500646	100.0
6513924	80.0
6516588	88.8888931274414
6523777	67.2727279663086
6543678	68.42105102539062
6544642	78.57142639160156
6544715	80.0
6552654	80.0
6554785	88.23529815673828
6565713	67.85713958740234
6568621	60.000003814697266
6574771	76.0
6575654	60.000003814697266
6576530	50.0
6596242	78.57142639160156
6598203	75.0
6602167	91.30435180664062
6602217	68.18181610107422
6609546	83.56163787841797
6613472	100.0
6614984	85.71428680419922
6626933	68.0
6627469	62.5
6629066	80.0
6629929	78.26087188720703
6640662	100.0
6644330	80.0
6645010	54.16666793823242
6646604	76.66666412353516
6655012	71.42857360839844
6676364	58.86075973510742
6677469	100.0
6677640	87.5
6677700	90.90909576416016
6684904	100.0
6685682	71.42857360839844
6686224	70.37036895751953
6690605	83.33332824707031
6693305	100.0
6705513	96.66666412353516
6706463	100.0
6709682	64.0
6728273	83.33332824707031
6730758	65.21739196777344
6741968	87.05882263183594
6742905	46.28099060058594
6758443	100.0
6759004	0.0
6761345	0.0
6763409	33.333335876464844
6763587	0.0
6763785	70.5882339477539
6764572	77.35848999023438
6765855	61.29032516479492
6776075	100.0
6778788	77.14286041259766
6780300	88.8888931274414
6780313	66.66667175292969
6790961	100.0
6793913	0.0
6793945	81.48148345947266
6796364	100.0
6801288	88.23529815673828
6823017	80.0
6834270	62.06896209716797
6838488	66.66667175292969
6843850	66.66667175292969
6844012	100.0
6850880	0.0
6851459	75.0
6854357	100.0
6862758	81.81818389892578
6870366	61.65413284301758
6870485	100.0
6879036	66.66667175292969
6881541	70.83332824707031
6882615	85.71428680419922
6886946	95.83332824707031
6887053	100.0
6887926	33.333335876464844
6895050	95.23809814453125
6908525	71.42857360839844
6908672	100.0
6911945	87.5
6914622	85.71428680419922
6921241	100.0
6921672	100.0
6923446	93.75
6923942	100.0
6924700	81.18811798095703
6927063	85.71428680419922
6936712	100.0
6939126	42.85714340209961
6939162	75.0
6939454	88.23529815673828
6939759	100.0
6951829	100.0
6954861	78.16091918945312
6955911	100.0
6965516	100.0
6971836	100.0
6972426	94.73684692382812
6976414	0.0
6983246	75.0
6990023	95.0
6990904	84.21052551269531
6992859	84.61538696289062
6993585	100.0
7003280	78.35051727294922
7006683	100.0
7007801	59.09090805053711
7008455	33.333335876464844
7018497	100.0
7033732	86.66666412353516
7035556	87.5
7036112	83.33332824707031
7050397	100.0
7052171	100.0
7053454	75.0
7054058	85.71428680419922
7054912	100.0
7055184	100.0
7071883	100.0
7080514	100.0
7086825	80.0
7092874	0.0
7093109	100.0
7095320	0.0
7095658	100.0
7106162	100.0
7109689	75.0
7113260	91.30435180664062
7114655	75.0
7134081	100.0
7161203	33.333335876464844
7178893	88.8888931274414
7181950	79.10447692871094
7185881	100.0
7194793	79.4117660522461
7205210	100.0
7211531	83.33332824707031
7214920	92.30769348144531
7222349	80.95238494873047
7225201	100.0
7225376	80.0
7239024	69.3548355102539
7240775	100.0
7244031	100.0
7245413	0.0
7246272	72.97296905517578
7252607	100.0
7264674	93.33333587646484
7273513	50.0
7273770	75.0
7275018	66.66667175292969
7277653	88.46153259277344
7280665	50.0
7281884	81.70731353759766
7283351	80.0
7287822	83.05084991455078
7292184	71.42857360839844
7293671	100.0
7294565	100.0
7308623	100.0
7308811	0.0
7310887	81.94444274902344
7321217	88.8888931274414
7325084	0.0
7330494	81.81818389892578
7348110	87.5
7356415	66.66667175292969
7358714	0.0
7362715	100.0
7367795	25.0
7368611	89.1891860961914
7377034	82.35294342041016
7379913	86.66666412353516
7395978	100.0
7403927	33.333335876464844
7420789	81.81818389892578
7434871	71.92982482910156
7441144	100.0
7449448	69.23077392578125
7454907	50.0
7454966	44.4444465637207
7456890	85.71428680419922
7462268	53.125
7472068	74.0740737915039
7474044	0.0
7474615	100.0
7474855	50.0
7475215	83.33332824707031
7475379	33.333335876464844
7475557	41.17647171020508
7476671	75.0
7476936	66.66667175292969
7479725	81.81818389892578
7482338	72.54901885986328
7489883	100.0
7495866	84.61538696289062
7497047	100.0
7499960	100.0
7508063	100.0
7508865	66.66667175292969
7509273	71.42857360839844
7511737	100.0
7511838	81.81818389892578
7513605	100.0
7513906	100.0
7514336	0.0
7527149	100.0
7527677	100.0
7527864	95.0
7531700	100.0
7540480	85.18518829345703
7553969	80.0
7554801	83.33332824707031
7562235	100.0
7573274	50.0
7575052	86.9565200805664
7575576	75.0
7582651	100.0
7592616	100.0
7596262	100.0
7602994	60.000003814697266
7611271	100.0
7614517	87.17948913574219
7618925	100.0
7620413	100.0
7630340	70.0
7630346	68.96551513671875
7633883	85.71428680419922
7634067	88.8888931274414
7634365	79.31034851074219
7635616	100.0
7645862	100.0
7649517	80.0
7650016	85.71428680419922
7651065	79.31034851074219
7678756	0.0
7692933	74.44444274902344
7693009	80.0
7693354	82.3008804321289
7694365	100.0
7698631	75.0
7708436	76.92308044433594
7713728	86.45832824707031
7713815	50.0
7714627	86.36363983154297
7721323	63.15789031982422
7723492	77.2727279663086
7724412	50.0
7725279	80.95238494873047
7728499	66.66667175292969
7728508	76.19047546386719
7731797	65.38461303710938
7735518	0.0
7740436	100.0
7740592	0.0
7741566	94.73684692382812
7743569	81.81818389892578
7745117	81.81818389892578
7746589	68.75
7749568	100.0
7755144	66.66667175292969
7783953	0.0
7784616	100.0
7789055	57.894737243652344
7789429	80.0
7796658	70.0
7797744	90.0
7804358	89.47368621826172
7805515	70.5882339477539
7809904	90.47618865966797
7823025	75.4385986328125
7825327	55.55555725097656
7832890	50.0
7836038	80.76922607421875
7837202	100.0
7840131	75.0
7840411	100.0
7840797	57.142860412597656
7841193	0.0
7842550	72.34042358398438
7845607	88.8888931274414
7853079	71.42857360839844
7853971	50.0
7854872	100.0
7855120	61.5384635925293
7856323	64.70588684082031
7860369	100.0
7868209	50.0
7868931	50.0
7869497	0.0
7871576	100.0
7874552	82.75862121582031
7879708	91.66667175292969
7880828	78.88888549804688
7881551	77.41934967041016
7894645	66.66667175292969
7900936	93.10344696044922
7901248	100.0
7910223	81.69013977050781
7911936	71.42857360839844
7914359	78.46154022216797
7918592	76.47058868408203
7919500	85.71428680419922
7920541	72.7272720336914
7920759	33.333335876464844
7921131	64.70588684082031
7921649	93.75
7927765	50.0
7929879	50.0
7931331	66.66667175292969
7931882	81.81818389892578
7933149	60.000003814697266
7939556	0.0
7954808	66.66667175292969
7956634	85.71428680419922
7961477	81.81818389892578
7965521	87.5
7982359	100.0
7984949	100.0
7986179	100.0
7988755	66.17646789550781
7996844	87.8787841796875
8006992	100.0
8011545	57.446807861328125
8014383	83.33332824707031
8014642	100.0
8014683	50.0
8014950	100.0
8015793	100.0
8025718	66.66667175292969
8029788	100.0
8034092	75.0
8036024	80.95238494873047
8048838	100.0
8052494	100.0
8052617	67.74193572998047
8055839	40.0
8063870	50.0
8064980	40.0
8065282	67.14285278320312
8067585	84.61538696289062
8082512	100.0
8088370	85.71428680419922
8090623	93.75
8096900	33.333335876464844
8097453	100.0
8097903	0.0
8112652	100.0
8116523	81.81818389892578
8118718	66.66667175292969
8131907	78.57142639160156
8133752	88.8888931274414
8134231	0.0
8146576	0.0
8153848	79.01234436035156
8161218	100.0
8163273	100.0
8165898	66.66667175292969
8166076	84.44444274902344
8170181	72.7272720336914
8172380	68.96551513671875
8184662	100.0
8189821	100.0
8191517	50.0
8191739	62.5
8193344	80.76922607421875
8200839	83.33332824707031
8201104	100.0
8206659	100.0
8211468	66.66667175292969
8224214	79.31034851074219
8226982	100.0
8227206	88.8888931274414
8228903	73.17073059082031
8231382	64.0
8238078	80.0
8238311	58.749996185302734
8238404	69.62025451660156
8249201	100.0
8252058	73.03370666503906
8265182	89.47368621826172
8271384	78.88888549804688
8272350	50.0
8274008	87.5
8275122	60.000003814697266
8291550	0.0
8301150	66.66667175292969
8301926	100.0
8302844	71.79487609863281
8303267	100.0
8303748	100.0
8309604	100.0
8309711	79.31034851074219
8310653	72.7272720336914
8310660	100.0
8310807	65.95744323730469
8310894	88.8888931274414
8316068	93.33333587646484
8319253	100.0
8325477	75.0
8325544	0.0
8326439	50.0
8327907	100.0
8336347	50.0
8337048	52.6315803527832
8340072	76.0
8340599	78.57142639160156
8351880	87.32394409179688
8354938	75.0
8366402	82.35294342041016
8371115	88.8888931274414
8371203	100.0
8373729	50.0
8378257	57.142860412597656
8384444	56.52173614501953
8388481	100.0
8390386	71.42857360839844
8391298	76.92308044433594
8400275	57.74647521972656
8402408	77.19297790527344
8406972	88.8888931274414
8410270	0.0
8417742	77.77777862548828
8420883	33.333335876464844
8420956	100.0
8422876	90.625
8428052	100.0
8428314	95.65217590332031
8439372	79.31034851074219
8439661	88.8888931274414
8441187	62.222225189208984
8442314	62.96295928955078
8442940	85.0
8450098	79.4871826171875
8454985	100.0
8458210	70.83332824707031
8460627	100.0
8461819	50.0
8469464	75.0
8469735	66.66667175292969
8471852	92.85713958740234
8473851	71.42857360839844
8480507	86.66666412353516
8481291	75.0
8482847	82.75862121582031
8490356	75.0
8495348	100.0
8497555	85.71428680419922
8514932	90.0
8515356	62.5
8518091	84.61538696289062
8518237	83.33332824707031
8518665	0.0
8521792	89.6551742553711
8523157	100.0
8536113	88.8888931274414
8536127	57.142860412597656
8537786	50.0
8539551	66.66667175292969
8548176	79.16667175292969
8552338	0.0
8555187	79.31034851074219
8556025	88.8888931274414
8563141	89.1891860961914
8566407	84.44444274902344
8575476	86.36363983154297
8577620	88.8888931274414
8579799	87.5
8584276	100.0
8587030	79.31034851074219
8595650	94.73684692382812
8596320	62.5
8613870	100.0
8614167	71.42857360839844
8624898	52.5423698425293
8634599	86.66666412353516
8645254	100.0
8649257	53.333335876464844
8662258	80.88235473632812
8663351	100.0
8670336	47.36842346191406
8680170	0.0
8686165	78.57142639160156
8696200	83.33332824707031
8696236	70.96774291992188
8700820	85.71428680419922
8703026	53.488372802734375
8704161	79.16667175292969
8704828	47.05882263183594
8716849	63.6363639831543
8717204	70.37036895751953
8720673	100.0
8720718	72.5
8732121	50.0
8733896	94.59458923339844
8734707	73.68421173095703
8735827	93.54838562011719
8737466	90.0
8747720	83.33332824707031
8751275	68.75
8753559	88.8888931274414
8753913	88.46153259277344
8757949	54.54545593261719
8758450	100.0
8780440	60.000003814697266
8782592	70.0
8782991	58.33333206176758
8789821	83.33332824707031
8792552	50.0
8799256	79.06977081298828
8801250	50.0
8813451	80.0
8814039	75.0
8814105	82.35294342041016
8814215	40.0
8814479	100.0
8814532	71.42857360839844
8815257	66.66667175292969
8822499	75.0
8827268	81.81818389892578
8828147	100.0
8830015	29.09090805053711
8846202	72.7272720336914
8846849	75.0
8859689	86.66666412353516
8861069	70.0
8882195	80.0
8886703	83.33332824707031
8902304	52.6315803527832
8904297	70.0
8908145	100.0
8921130	100.0
8923817	77.77777862548828
8930592	81.4285659790039
8934599	71.42857360839844
8947232	83.33332824707031
8956962	100.0
8962914	80.0
8970393	71.42857360839844
8970779	100.0
8973362	66.66667175292969
8981656	91.30435180664062
8982616	68.62745666503906
8983081	50.0
8987722	58.0
8988506	56.140350341796875
9013631	68.75
9047646	100.0
9057435	83.33332824707031
9078482	50.0
9078998	100.0
9094794	100.0
9107357	69.38775634765625
9109401	78.94737243652344
9110588	100.0
9111413	57.142860412597656
9114896	79.4117660522461
9117009	81.48148345947266
9125711	100.0
9130532	0.0
9137560	100.0
9144588	90.69767761230469
9145242	80.0
9166393	100.0
9169272	100.0
9180947	95.65217590332031
9180965	0.0
9183638	100.0
9197535	66.66667175292969
9207914	86.0465087890625
9208166	80.95238494873047
9212213	55.55555725097656
9218312	90.625
9218362	93.75
9228519	100.0
9231486	90.0
9232355	66.66667175292969
9235198	84.8484878540039
9237653	65.625
9238963	0.0
9239190	83.33332824707031
9248612	100.0
9250014	90.0
9255725	70.0
9256035	90.0
9259184	78.125
9273395	85.71428680419922
9273978	80.0
9274587	66.66667175292969
9279773	85.71428680419922
9292118	77.2727279663086
9299923	57.142860412597656
9301075	80.0
9327506	100.0
9329398	50.0
9331460	50.0
9340410	70.0
9343915	100.0
9344096	66.66667175292969
9346513	57.142860412597656
9349614	0.0
9349646	100.0
9362821	66.66667175292969
9364092	100.0
9367059	75.0
9373802	61.5384635925293
9382898	77.55101776123047
9383459	41.46341323852539
9390951	100.0
9393163	100.0
9407895	90.90909576416016
9414403	82.60869598388672
9415687	72.7272720336914
9415712	0.0
9425902	62.5
9430774	0.0
9445192	50.0
9448243	100.0
9452993	100.0
9459945	100.0
9460898	83.33332824707031
9463444	68.75
9470342	100.0
9473811	0.0
9473816	50.0
9474436	92.30769348144531
9485607	66.66667175292969
9493951	69.76744079589844
9494212	88.8888931274414
9494511	86.20689392089844
9496325	50.0
9496337	70.0
9504314	0.0
9507164	0.0
9508099	100.0
9508975	100.0
9530285	100.0
9541295	82.35294342041016
9541666	0.0
9549850	81.25
9570618	81.25
9574727	100.0
9575439	60.000003814697266
9577988	60.869564056396484
9590679	76.47058868408203
9591772	100.0
9610609	100.0
9611852	92.30769348144531
9614024	37.5
9626428	100.0
9626892	75.0
9663423	83.33332824707031
9676551	73.80952453613281
9677207	75.0
9677354	85.71428680419922
9680953	77.77777862548828
9685076	100.0
9685085	66.66667175292969
9685102	83.33332824707031
9694218	78.18182373046875
9698226	75.67567443847656
9706199	100.0
9706279	100.0
9709597	100.0
9711934	80.95238494873047
9712731	100.0
9723217	100.0
9725178	86.66666412353516
9727523	53.333335876464844
9728602	100.0
9731479	80.0
9750460	77.77777862548828
9751520	100.0
9755993	83.33332824707031
9757412	80.0
9770477	50.0
9791506	50.0
9809914	100.0
9813223	87.5
9824155	64.28571319580078
9825415	90.90909576416016
9826706	66.66667175292969
9833460	66.66667175292969
9834617	100.0
9834727	81.25
9840919	87.5
9841140	85.71428680419922
9844242	44.4444465637207
9845039	66.66667175292969
9854083	0.0
9855805	65.0
9857049	80.0
9858437	60.000003814697266
9858828	90.90909576416016
9862792	73.52941131591797
9865550	0.0
9885963	25.0
9887664	50.0
9894686	75.38461303710938
9896359	100.0
9896713	68.96551513671875
9897713	0.0
9900315	81.81818389892578
9905304	0.0
9918240	66.66667175292969
9918713	0.0
9920084	66.66667175292969
9922595	100.0
9926796	14.285715103149414
9933886	43.4782600402832
9949819	100.0
9953144	100.0
9958026	36.3636360168457
9961767	100.0
9971054	33.333335876464844
9974833	100.0
9991857	100.0
9993602	0.0
9998187	66.66667175292969
10004575	77.77777862548828
10021398	77.2727279663086
10032327	100.0
10033715	0.0
10034183	100.0
10034592	71.42857360839844
10036037	0.0
10037387	64.28571319580078
10050351	50.0
10051003	33.333335876464844
10051357	0.0
10051842	100.0
10052824	0.0
10054046	0.0
10056496	59.375
10068240	69.69696807861328
10070404	80.0
10074653	0.0
10083878	90.0
10084216	66.66667175292969
10103725	83.33332824707031
10106081	80.0
10113230	70.5882339477539
10116429	100.0
10116601	100.0
10116726	100.0
10117329	100.0
10117803	50.0
10127270	100.0
10132073	75.0
10138792	100.0
10138904	80.0
10149314	100.0
10164759	100.0
10164810	83.33332824707031
10175033	90.0
10186477	66.66667175292969
10190260	100.0
10208321	100.0
10227043	90.90909576416016
10228228	100.0
10228457	100.0
10231171	68.42105102539062
10231714	81.57894897460938
10233104	44.11764907836914
10234895	66.66667175292969
10247000	55.55555725097656
10249798	0.0
10253416	50.0
10253591	76.19047546386719
10253899	50.0
10264774	90.0
10266397	50.0
10266928	62.5
10268223	50.0
10271867	50.0
10279083	66.66667175292969
10295349	80.0
10299047	30.76923179626465
10311094	80.0
10328539	80.0
10333345	70.5882339477539
10353263	100.0
10356880	61.11111068725586
10379031	75.0
10381729	70.5882339477539
10391455	88.8888931274414
10411383	100.0
10426124	94.44444274902344
10427199	63.6363639831543
10427882	100.0
10434883	77.77777862548828
10454061	100.0
10470115	66.66667175292969
10475848	90.0
10478553	100.0
10494550	72.34042358398438
10524612	69.56521606445312
10537553	66.66667175292969
10542140	96.0
10552237	75.0
10552485	88.8888931274414
10569282	71.42857360839844
10594800	25.0
10607657	66.66667175292969
10610205	71.42857360839844
10611728	100.0
10627514	100.0
10634364	80.0
10653150	63.414634704589844
10656206	66.66667175292969
10656576	100.0
10656899	50.0
10671192	86.9565200805664
10701625	75.0
10705351	85.71428680419922
10706413	81.81818389892578
10734159	86.36363983154297
10742655	75.0
10747524	73.52941131591797
10749312	66.66667175292969
10749794	71.42857360839844
10764250	66.66667175292969
10787333	71.42857360839844
10835494	100.0
10850420	64.70588684082031
10855052	50.0
10857914	87.5
10860611	0.0
10881994	76.92308044433594
10882267	0.0
10883063	66.66667175292969
10905777	100.0
10928093	100.0
10945407	75.0
10945774	100.0
10964552	50.98039627075195
10995355	75.0
10995976	53.125
10997047	78.94737243652344
11008495	85.0
11016623	100.0
11020786	82.14286041259766
11022736	100.0
11035223	66.66667175292969
11036835	100.0
11041684	80.0
11061030	100.0
11067772	60.000003814697266
11082235	88.23529815673828
11087657	66.66667175292969
11087731	0.0
11120777	79.16667175292969
11121872	76.92308044433594
11122394	100.0
11126122	80.0
11147761	84.61538696289062
11159585	100.0
11169560	53.84615707397461
11201204	88.8888931274414
11202183	100.0
11211273	70.83332824707031
11213228	100.0
11220522	82.75862121582031
11223924	83.33332824707031
11229070	84.375
11240774	90.0
11255643	63.6363639831543
11258721	50.0
11275661	75.0
11275963	50.0
11276570	66.66667175292969
11295065	100.0
11300899	86.66666412353516
11304657	100.0
11306586	69.23077392578125
11333422	64.0
11334091	91.66667175292969
11343048	72.7272720336914
11343485	92.85713958740234
11370704	50.0
11371205	57.894737243652344
11376403	40.0
11397511	72.22222137451172
11397952	95.23809814453125
11398458	100.0
11398953	72.7272720336914
11410652	100.0
11418599	83.33332824707031
11431331	81.81818389892578
11441717	60.000003814697266
11454147	92.30769348144531
11454728	63.6363639831543
11455804	75.0
11462476	74.19355010986328
11470818	87.5
11474006	69.23077392578125
11474130	100.0
11474629	60.000003814697266
11492423	75.0
11494020	77.77777862548828
11498416	65.78947448730469
11498523	72.97296905517578
11498583	50.0
11514237	80.0
11521541	50.0
11528125	100.0
11530331	100.0
11553697	100.0
11563716	75.0
11569331	50.0
11572070	100.0
11579622	73.68421173095703
11583581	80.0
11584799	66.66667175292969
11585459	75.0
11588543	85.71428680419922
11589644	53.84615707397461
11590000	72.7272720336914
11590512	60.000003814697266
11592067	50.0
11592154	100.0
11593592	84.21052551269531
11618815	84.21052551269531
11624428	100.0
11626869	50.0
11634778	100.0
11648212	83.33332824707031
11648688	50.0
11649321	50.0
11653496	77.77777862548828
11656698	86.36363983154297
11662212	74.19355010986328
11686744	75.0
11687031	100.0
11687122	75.0
11688611	85.71428680419922
11695285	72.7272720336914
11701611	100.0
11710680	100.0
11714059	100.0
11717217	50.0
11734812	60.000003814697266
11735784	100.0
11739985	80.0
11740527	85.71428680419922
11757166	80.6451644897461
11757251	66.66667175292969
11757376	62.5
11758169	82.14286041259766
11760822	78.94737243652344
11767622	75.0
11772497	70.49180603027344
11787441	50.0
11788394	75.0
11796879	100.0
11799482	50.0
11818157	40.0
11826815	100.0
11841986	55.55555725097656
11842312	75.0
11853416	100.0
11856912	66.66667175292969
11861063	100.0
11863590	100.0
11866651	80.0
11866869	100.0
11873789	100.0
11885148	100.0
11885653	100.0
11896394	77.77777862548828
11902134	55.55555725097656
11905849	100.0
11906382	60.000003814697266
11907764	59.523807525634766
11912139	81.81818389892578
11921486	50.0
11922134	69.44444274902344
11924459	85.36585235595703
11940785	100.0
11946029	62.5
11947150	100.0
11964926	57.894737243652344
11966297	62.5
11970702	0.0
11980767	100.0
11983286	80.95238494873047
11983535	0.0
11985521	0.0
11986653	57.894737243652344
11987762	0.0
11990528	100.0
11992431	84.61538696289062
12020004	75.0
12020829	66.66667175292969
12022134	100.0
12023024	100.0
12026868	100.0
12033661	70.0
12034317	100.0
12047758	100.0
12049787	85.71428680419922
12051674	53.84615707397461
12052288	71.875
12052292	100.0
12052820	66.66667175292969
12067685	50.0
12069214	100.0
12071820	60.000003814697266
12074204	100.0
12081834	100.0
12087989	50.0
12088322	0.0
12092499	94.73684692382812
12094488	100.0
12103501	100.0
12109171	95.23809814453125
12125635	100.0
12126299	100.0
12130434	100.0
12143408	100.0
12154934	67.74193572998047
12175961	100.0
12176027	100.0
12183851	80.0
12191871	71.42857360839844
12208307	100.0
12208806	75.0
12210223	50.0
12211821	50.0
12221012	83.33332824707031
12233043	59.4594612121582
12233225	55.55555725097656
12233285	65.38461303710938
12233830	83.33332824707031
12246137	0.0
12253029	87.5
12253499	100.0
12262803	0.0
12264207	42.85714340209961
12265433	60.000003814697266
12268144	100.0
12269155	85.45454406738281
12274601	100.0
12286410	33.333335876464844
12287958	100.0
12290886	100.0
12291029	84.21052551269531
12302222	0.0
12303347	100.0
12304165	100.0
12308161	89.6551742553711
12308927	70.83332824707031
12309083	84.8484878540039
12318093	75.0
12320063	66.66667175292969
12339410	100.0
12343588	70.0
12344014	66.66667175292969
12351909	80.95238494873047
12356962	86.66666412353516
12363660	73.33333587646484
12365454	76.66666412353516
12366845	100.0
12368082	0.0
12372052	100.0
12379725	75.0
12382239	90.90909576416016
12383204	100.0
12383703	66.66667175292969
12384469	100.0
12386020	75.0
12390027	41.17647171020508
12409042	57.142860412597656
12425501	80.0
12426977	46.66666793823242
12432535	100.0
12432623	66.66667175292969
12436115	14.285715103149414
12446656	100.0
12463075	100.0
12463555	85.71428680419922
12489916	75.0
12492474	33.333335876464844
12493396	100.0
12494334	50.0
12497846	87.5
12508801	100.0
12515067	83.33332824707031
12517081	75.0
12534735	100.0
12540640	66.66667175292969
12541136	83.33332824707031
12545716	100.0
12560987	59.09090805053711
12563549	100.0
12566065	75.0
12580274	54.28571701049805
12581300	90.90909576416016
12585455	72.22222137451172
12586305	100.0
12587887	100.0
12592117	76.19047546386719
12592696	100.0
12593225	100.0
12593295	44.4444465637207
12593869	50.0
12599820	100.0
12603280	100.0
12604733	100.0
12608363	50.0
12618291	33.333335876464844
12621291	72.7272720336914
12626504	25.0
12627225	40.0
12630619	90.0
12639344	75.0
12647606	75.0
12648403	90.0
12652181	100.0
12653367	100.0
12655758	62.5
12665563	69.23077392578125
12667158	57.142860412597656
12683680	100.0
12699603	100.0
12707324	0.0
12708781	71.42857360839844
12709469	0.0
12726343	100.0
12727401	50.0
12735111	100.0
12736032	50.0
12736777	100.0
12738641	85.71428680419922
12738816	0.0
12750816	60.000003814697266
12752020	100.0
12752442	87.5
12755021	100.0
12756776	40.0
12761363	50.0
12781774	71.42857360839844
12784064	90.90909576416016
12789527	100.0
12796034	100.0
12797493	100.0
12811191	62.5
12812461	100.0
12815192	75.0
12824498	50.0
12825412	100.0
12826145	75.0
12826881	57.142860412597656
12828996	100.0
12833084	100.0
12835086	77.77777862548828
12843196	50.0
12849003	63.15789031982422
12855005	71.42857360839844
12855343	45.45454788208008
12855396	0.0
12856007	66.66667175292969
12857811	64.28571319580078
12857981	100.0
12865092	100.0
12870514	90.0
12873268	100.0
12873559	100.0
12874603	50.0
12890156	84.61538696289062
12891323	75.0
12897110	55.55555725097656
12899026	100.0
12904318	100.0
12914154	100.0
12915510	100.0
12916551	90.90909576416016
12927298	50.0
12930651	91.66667175292969
12932001	66.66667175292969
12949270	100.0
12953937	100.0
12957423	94.44444274902344
12971157	100.0
12971329	100.0
12973308	100.0
12979965	100.0
12986016	100.0
12987348	80.76922607421875
12997241	0.0
12997334	12.5
12998272	100.0
12998582	100.0
13000520	66.66667175292969
13002808	84.61538696289062
13004551	66.66667175292969
13005579	90.90909576416016
13007124	71.42857360839844
13015353	100.0
13015653	100.0
13015767	86.36363983154297
13015832	66.66667175292969
13015927	100.0
13017064	0.0
13017162	78.57142639160156
13017460	100.0
13019695	85.71428680419922
13024208	100.0
13024385	100.0
13027627	100.0
13028092	80.0
13028247	100.0
13028899	66.66667175292969
13028935	100.0
13031523	66.66667175292969
13032590	72.22222137451172
13037372	78.57142639160156
13041602	70.0
13041752	75.0
13044229	75.0
13045194	76.19047546386719
13046976	77.77777862548828
13054720	87.5
13056513	90.90909576416016
13060366	100.0
13062783	75.0
13063952	100.0
13064781	100.0
13073078	83.33332824707031
13074722	100.0
13076586	100.0
13077603	66.66667175292969
13078025	100.0
13078068	100.0
13078148	100.0
13079659	66.66667175292969
13079902	100.0
13081090	80.0
13081347	100.0
13082258	100.0
13083058	90.90909576416016
13090471	100.0
13098572	100.0
13100828	69.23077392578125
13101775	90.0
13107648	73.68421173095703
13110084	78.57142639160156
13110347	63.6363639831543
13110631	93.33333587646484
13111691	100.0
13113079	75.0
13121821	85.0
13126713	100.0
13138055	57.142860412597656
13140867	100.0
13147585	100.0
13152370	50.0
13156872	100.0
13163259	100.0
13168176	50.0
13171246	75.0
13188046	80.0
13190410	75.0
13192046	66.66667175292969
13214949	71.42857360839844
13216268	66.66667175292969
13218392	66.66667175292969
13218729	0.0
13221129	0.0
13225005	0.0
13233001	100.0
13233250	87.5
13236820	75.0
13236936	0.0
13239143	100.0
13242393	100.0
13248823	100.0
13249829	100.0
13251243	81.25
13258244	100.0
13261681	63.6363639831543
13264687	83.33332824707031
13265095	100.0
13266133	100.0
13266176	54.54545593261719
13275308	79.16667175292969
13275334	100.0
13281106	100.0
13282275	100.0
13294558	70.0
13294824	80.0
13295184	60.000003814697266
13295386	100.0
13296735	78.57142639160156
13298014	0.0
13298108	100.0
13298137	100.0
13298546	86.66666412353516
13300621	75.0
13306811	86.48648834228516
13313124	100.0
13318173	100.0
13325983	71.42857360839844
13327034	61.5384635925293
13330146	100.0
13331733	100.0
13333256	100.0
13344433	88.8888931274414
13345701	58.82353210449219
13355213	0.0
13363171	100.0
13371105	0.0
13374617	66.66667175292969
13374823	100.0
13375092	87.5
13376457	88.8888931274414
13377097	60.000003814697266
13378923	80.0
13378936	75.0
13378987	83.33332824707031
13379155	33.333335876464844
13391024	75.0
13391054	80.0
13391640	81.81818389892578
13393418	76.66666412353516
13397201	100.0
13397390	100.0
13414159	85.71428680419922
13414367	80.0
13415232	83.33332824707031
13415816	100.0
13417233	20.0
13417639	80.0
13421289	75.0
13430656	100.0
13433298	84.61538696289062
13433317	50.0
13433475	62.5
13434817	72.7272720336914
13435185	0.0
13443949	50.0
13445221	100.0
13449049	100.0
13450030	73.68421173095703
13450880	100.0
13451383	100.0
13460331	100.0
13464674	50.0
13466910	100.0
13477535	100.0
13478348	80.0
13478868	50.0
13487348	100.0
13490438	100.0
13494185	80.0
13509242	50.0
13510994	100.0
13512459	100.0
13512551	100.0
13512930	100.0
13513012	83.33332824707031
13514017	78.57142639160156
13515084	52.38095474243164
13521713	100.0
13524454	100.0
13525610	75.0
13530359	0.0
13531200	100.0
13532311	100.0
13546070	75.0
13546414	66.66667175292969
13547301	66.66667175292969
13549924	66.66667175292969
13550412	100.0
13550969	72.7272720336914
13555596	100.0
13564762	100.0
13565466	100.0
13565471	0.0
13578106	100.0
13578911	100.0
13584884	80.0
13585624	66.66667175292969
13586128	0.0
13586491	100.0
13586841	50.0
13589343	71.42857360839844
13590412	80.0
13591091	0.0
13591607	95.65217590332031
13592046	50.0
13594886	60.71428680419922
13602808	100.0
13605196	100.0
13606268	42.85714340209961
13613562	66.66667175292969
13614982	57.142860412597656
13621476	100.0
13622776	100.0
13623390	80.0
13624929	75.0
13624971	100.0
13640138	80.0
13642024	100.0
13642260	100.0
13642397	75.0
13642405	50.0
13651290	75.0
13652639	100.0
13653016	50.0
13653233	100.0
13655073	100.0
13655923	89.47368621826172
13658522	100.0
13667826	100.0
13669224	50.0
13671334	75.0
13674701	0.0
13674964	100.0
13677640	80.0
13684319	100.0
13684464	75.0
13685207	100.0
13685592	66.66667175292969
13686161	100.0
13696794	100.0
13697486	50.0
13697966	33.333335876464844
13698137	84.21052551269531
13699440	100.0
13707814	100.0
13709092	75.0
13709190	80.0
13711334	100.0
13713445	100.0
13713713	87.5
13714934	100.0
13723404	0.0
13724578	87.5
13728510	44.4444465637207
13730500	71.42857360839844
13733558	50.0
13733887	81.81818389892578
13744821	75.0
13746896	83.33332824707031
13751426	80.0
13751871	33.333335876464844
13752754	100.0
13753007	100.0
13767907	45.45454788208008
13768853	80.0
13778731	66.66667175292969
13782612	100.0
13788865	62.5
13796564	100.0
13797162	100.0
13800294	50.0
13800505	20.0
13801598	50.0
13810937	100.0
13812075	71.42857360839844
13813380	75.0
13813809	100.0
13814175	75.0
13816458	71.42857360839844
13820571	71.42857360839844
13824970	0.0
13830152	40.0
13855525	60.000003814697266
13861258	100.0
13863117	57.142860412597656
13864196	57.142860412597656
13864415	100.0
13865867	40.0
13866156	100.0
13866603	0.0
13872339	100.0
13874533	88.8888931274414
13884549	80.0
13907143	66.66667175292969
13908031	75.0
13908638	54.16666793823242
13912429	100.0
13912467	100.0
13912470	80.0
13912472	75.0
13918656	100.0
13924495	50.0
13926017	50.0
13927765	75.0
13937181	100.0
13942919	100.0
13943142	100.0
13951039	71.42857360839844
13955674	66.66667175292969
13959444	83.33332824707031
13960193	40.0
13960293	100.0
13968572	50.0
13968660	100.0
13969106	33.333335876464844
13969217	66.66667175292969
13979354	64.28571319580078
13992811	100.0
13993185	70.0
13994056	45.45454788208008
13995573	100.0
13996398	50.0
13998602	100.0
14013583	100.0
14025410	100.0
14035936	100.0
14040282	83.33332824707031
14043390	100.0
14055624	100.0
14055887	100.0
14056340	0.0
14057189	100.0
14057466	100.0
14071446	50.0
14072256	73.33333587646484
14072546	56.0
14074739	100.0
14075290	75.0
14083611	64.70588684082031
14085771	50.0
14086516	88.8888931274414
14091605	76.47058868408203
14092430	72.7272720336914
14092792	100.0
14093943	0.0
14094279	91.66667175292969
14104621	100.0
14105971	76.92308044433594
14107067	100.0
14109809	100.0
14110129	60.000003814697266
14124430	100.0
14125957	85.71428680419922
14127153	100.0
14137262	77.77777862548828
14141920	55.55555725097656
14151531	14.285715103149414
14153636	66.66667175292969
14158636	0.0
14168664	87.5
14178758	100.0
14186170	80.0
14203428	100.0
14204600	71.42857360839844
14217967	50.0
14218904	100.0
14219033	66.66667175292969
14220964	50.0
14221294	80.0
14222649	50.0
14231732	60.000003814697266
14242888	80.0
14246616	66.66667175292969
14250499	0.0
14252020	100.0
14254537	100.0
14255219	75.0
14262627	100.0
14274311	60.000003814697266
14282764	66.66667175292969
14296152	0.0
14300751	100.0
14300921	50.0
14303090	100.0
14308511	60.000003814697266
14322091	100.0
14322546	100.0
14335003	0.0
14336348	100.0
14339562	100.0
14340601	100.0
14351036	100.0
14360470	100.0
14367134	66.66667175292969
14368660	100.0
14372667	100.0
14374965	75.0
14387692	100.0
14388025	90.0
14389002	100.0
14398508	100.0
14400847	100.0
14402688	50.0
14404992	100.0
14407094	100.0
14414330	100.0
14414473	75.0
14418593	100.0
14426124	50.0
14426987	80.0
14428514	0.0
14429876	33.333335876464844
14443295	100.0
14460344	66.66667175292969
14461498	100.0
14461747	100.0
14461998	0.0
14467554	100.0
14468407	100.0
14469677	100.0
14469894	100.0
14474114	100.0
14483758	50.0
14484865	100.0
14486237	100.0
14489201	100.0
14504583	50.0
14506396	50.0
14522631	50.0
14522917	87.5
14532696	50.0
14533011	100.0
14533848	100.0
14536322	100.0
14565726	100.0
14566657	0.0
14572511	100.0
14572515	100.0
14574734	100.0
14574800	100.0
14591627	100.0
14592547	100.0
14603013	100.0
14603878	0.0
14608495	100.0
14632821	100.0
14651378	100.0
14653823	100.0
14655187	100.0
14662927	50.0
14663743	100.0
14663819	100.0
14668008	0.0
14673441	100.0
14679817	50.0
14682588	100.0
14682931	100.0
14683493	100.0
14691657	100.0
14692682	100.0
14693220	100.0
14698794	100.0
14710769	100.0
14711359	100.0
14713259	100.0
14713980	100.0
14714374	100.0
14719754	100.0
14742722	100.0
14743129	100.0
14756184	100.0
14756269	100.0
14759485	100.0
14760739	100.0
14767573	0.0
14770708	100.0
14770892	0.0
14774426	100.0
14774868	100.0
14778561	50.0
14780153	50.0
14809866	100.0
14813006	100.0
14823724	100.0
14842237	100.0
14843050	100.0
14843783	66.66667175292969
